0 0 0
170073287770 355 8278
170073287662 4 5907
170073287998 29 2166
170073287799 76 3560
170073288291 3 8217
170073288112 3 4136
170073288308 3 6689
170073288084 3 5867
170073288495 3 3867
170073288182 34 6602
170073288521 3 6156
170073288583 3 5419
170073288353 9 2743
170073288497 338 5416
170073288491 323 8159
170073288566 324 3807
170073288682 157 3009
170073288694 4 7232
170073288619 15 2456
170073288644 29 9611
170073288895 11 4946
170073288900 349 6655
170073289012 75 4635
170073289203 4 6778
170073288877 4 3621
170073289188 4 9634
170073288931 4 4079
170073289041 4 6457
170073289404 38 6516
170073289474 328 2984
170073289350 107 8070
170073289418 9 3366
170073289566 347 6115
170073289788 4 9371
170073289800 4 8972
170073289579 157 5375
170073289801 57 2392
170073289905 15 4819
170073289872 226 5546
170073289879 4 1599
170073290073 369 1152
170073289819 365 5022
170073290243 214 8808
170073289948 237 8054
170073290039 17 6052
170073290261 76 7522
170073290026 38 5661
170073290075 4 1337
170073290311 237 7111
170073290508 4 4612
170073290377 15 3585
170073290332 323 5658
170073290772 355 2288
170073290551 360 3844
170073290586 4 4419
170073290668 49 7735
170073290826 38 2841
170073290699 4 1466
170073290510 214 9894
170073290720 4 6081
170073290772 355 9681
170073291013 17 3224
170073290816 294 5873
170073291019 355 2087
170073291047 307 4404
170073291268 347 2624
170073291383 214 7018
170073291301 214 5432
170073291043 38 1419
170073291399 4 8119
170073291499 4 6271
170073291237 332 5777
170073291275 352 9396
170073291634 4 2692
170073291332 38 1237
170073291383 9 5735
170073291557 351 6496
170073291424 289 4690
170073291565 34 1898
170073291413 136 4835
170073291794 246 5690
170073291793 3 1595
170073291772 3 2269
170073291848 4 4077
170073291988 3 9090
170073291644 57 2086
170073292114 4 3662
170073291823 49 6314
170073292049 4 3892
170073291916 4 8974
170073291843 4 2731
170073291906 3 9029
170073291961 3 2057
170073292325 4 8188
170073292445 4 9363
170073292488 4 6412
170073292383 4 8936
170073292463 4 3512
170073292545 4 8668
170073292342 4 8517
170073292657 15 9168
170073292338 48 4702
170073292416 287 6818
170073292450 13 5600
170073292462 76 6821
170073292783 28 1177
170073292437 4 6541
170073292587 107 3226
170073292930 94 7276
170073292515 323 4506
170073292736 3 5421
170073292944 3 8707
170073292617 3 1527
170073292713 3 8265
170073292960 3 8722
170073292809 57 8424
170073292924 355 6767
170073292815 324 4583
170073293104 357 8083
170073292947 336 6108
170073293035 3 5026
170073293103 357 3134
170073293053 39 6058
170073293343 4 6029
170073293451 4 1220
170073293202 4 1315
170073293579 4 4787
170073293207 349 4253
170073293296 4 2293
170073293665 351 9670
170073293706 4 1013
170073293376 4 9858
170073293647 4 3579
170073293766 4 9484
170073293830 4 3658
170073293552 4 8674
170073293632 4 2643
170073293977 4 8963
170073293586 4 6569
170073293916 4 6266
170073293794 4 8718
170073294149 4 7163
170073294155 4 9890
170073293863 4 5834
170073294286 4 8168
170073294060 28 9087
170073294281 329 7585
170073294034 4 7684
170073294269 4 1600
170073294244 4 7800
170073294267 34 1006
170073294119 4 1864
170073294324 38 9745
170073294194 349 9974
170073294480 52 9135
170073294354 57 6414
170073294398 57 5465
170073294501 4 3424
170073294319 270 5002
170073294442 349 4950
170073294431 4 2635
170073294818 9 8368
170073294814 15 7745
170073294639 329 4231
170073294817 357 7596
170073295058 4 9277
170073294978 38 8214
170073294973 4 9928
170073295135 15 1036
170073295062 4 1968
170073295250 4 8254
170073294920 38 2518
170073294854 4 9762
170073295122 4 3659
170073295067 4 6068
170073295050 38 3829
170073295424 4 8060
170073295100 4 1049
170073295286 322 4590
170073295584 4 3780
170073295408 237 6462
170073295216 4 5069
170073295782 264 9914
170073295550 38 8993
170073295409 355 8460
170073295817 309 2610
170073295557 4 2581
170073295907 4 3152
170073295984 38 3127
170073295812 185 2023
170073295731 4 5250
170073296101 3 8247
170073295962 342 5167
170073296061 4 2275
170073296129 4 8139
170073296471 39 7553
170073296141 38 7333
170073296120 381 4335
170073296588 4 1521
170073296737 49 9070
170073296590 48 3658
170073296449 4 9129
170073296662 4 2402
170073296837 4 7432
170073296949 270 8715
170073296728 4 9603
170073296778 4 5140
170073296978 4 7502
170073297061 28 1446
170073297068 350 8179
170073297035 4 1810
170073296834 4 7821
170073297050 4 8537
170073296994 4 7762
170073297091 4 4736
170073296981 4 6097
170073296914 4 1389
170073296972 351 9965
170073297360 289 1706
170073297317 4 4166
170073297487 289 2589
170073297444 4 2473
170073297180 4 7290
170073297258 4 9476
170073297640 76 9577
170073297402 38 8266
170073297315 4 7628
170073297343 4 8861
170073297330 46 3347
170073297404 355 2266
170073297675 38 8980
170073297862 4 4550
170073297977 38 2346
170073297578 4 8817
170073297842 34 3527
170073297824 4 7548
170073297880 29 8580
170073297766 38 1763
170073297861 4 6963
170073298166 4 5058
170073297985 38 4925
170073297979 28 7739
170073298023 4 6999
170073298179 34 3632
170073298239 4 8350
170073298257 34 9806
170073298050 226 8498
170073298138 270 1725
170073298599 4 7670
170073298549 77 7919
170073298483 28 9343
170073298627 4 9701
170073298663 4 2142
170073298583 322 1925
170073298424 4 2790
170073298303 4 2165
170073298625 214 2827
170073298648 48 9044
170073298633 136 7361
170073298656 4 2974
170073298858 4 8250
170073298871 4 5369
170073298518 4 4053
170073298601 4 8469
170073298778 4 3220
170073299052 4 9042
170073298640 352 9837
170073298659 4 6668
170073298718 4 7779
170073298787 4 3884
170073298911 4 8947
170073299023 148 1155
170073299199 355 7484
170073299279 384 2291
170073298913 3 7620
170073299311 4 5061
170073299147 4 8536
170073299070 4 9838
170073299341 34 5924
170073299396 59 5412
170073299129 38 5548
170073299176 9 6637
170073299464 54 7125
170073299444 48 1770
170073299364 323 9281
170073299480 4 1056
170073299638 18 4589
170073299405 48 6037
170073299627 362 2564
170073299495 38 5508
170073299798 287 4041
170073299627 4 1887
170073299589 4 8622
170073299632 294 6836
170073299500 59 2023
170073299786 309 1930
170073299646 34 3716
170073300056 48 6322
170073300047 355 5193
170073299715 4 9115
170073299710 4 2323
170073299757 169 8104
170073300006 57 5059
170073300070 307 3897
170073300266 237 9165
170073300037 107 6822
170073299953 28 4354
170073300252 66 4737
170073300395 237 6906
170073300600 38 1330
170073300159 307 1447
170073300328 77 2123
170073300354 38 6518
170073300266 149 6309
170073300699 9 7978
170073300572 38 8305
170073300544 347 6035
170073300708 38 2542
170073300876 307 3832
170073300847 38 2727
170073300670 6 1180
170073300815 3 5342
170073300782 362 7824
170073300906 327 7523
170073301083 3 1025
170073300604 4 6443
170073301027 4 7668
170073300938 4 5730
170073300653 4 7965
170073301036 4 5027
170073301021 4 7994
170073301053 4 5368
170073300719 4 4061
170073301169 4 2062
170073301124 4 3726
170073301182 4 8775
170073301069 339 9743
170073300925 4 6988
170073300920 4 3371
170073301065 4 7192
170073301174 237 6363
170073301464 4 8383
170073301202 4 1149
170073301177 214 2528
170073301268 287 9564
170073301328 107 5685
170073301382 107 7576
170073301421 57 9187
170073301283 4 2314
170073301388 4 8951
170073301319 9 2822
170073301401 4 4857
170073301526 34 8119
170073301668 160 2902
170073301593 4 8063
170073301597 46 6163
170073301783 4 8936
170073301891 38 4306
170073301907 57 6879
170073302131 4 5965
170073301866 48 9315
170073301821 270 6577
170073302263 9 7015
170073302101 15 1236
170073301916 39 4924
170073302116 355 1433
170073302367 4 1976
170073302223 342 8000
170073302469 3 5026
170073302226 3 7109
170073302253 38 1753
170073302336 4 2271
170073302508 4 6176
170073302236 337 1240
170073302687 3 3552
170073302477 355 2349
170073302791 76 2513
170073302347 29 5909
170073302489 3 5554
170073302883 3 2613
170073302670 350 2299
170073302835 3 9744
170073302615 4 8533
170073302621 136 1195
170073302820 3 5148
170073302746 3 8286
170073303065 3 5544
170073302616 3 7461
170073303022 9 8858
170073303103 4 5616
170073302704 357 2569
170073302923 4 5417
170073302946 9 7985
170073303007 57 4243
170073302913 126 7913
170073303087 4 8245
170073303319 4 2720
170073303060 4 7681
170073303326 4 1850
170073303036 4 9295
170073303349 4 6456
170073303215 4 8889
170073303356 4 2340
170073303469 4 1926
170073303295 4 3054
170073303268 355 7182
170073303326 4 7258
170073303609 4 3659
170073303430 38 6361
170073303271 4 7081
170073303563 6 7928
170073303385 4 4843
170073303326 38 3436
170073303458 59 2935
170073303510 17 1702
170073303836 167 4621
170073303754 3 1376
170073303928 38 1478
170073303845 349 8085
170073303702 74 7291
170073303783 198 4479
170073303911 4 2571
170073304107 4 7186
170073303959 57 5147
170073304157 291 9683
170073304206 4 6029
170073304131 39 5310
170073303940 3 9966
170073303985 11 7691
170073304054 46 5767
170073304197 349 9001
170073304315 46 8276
170073304142 345 3032
170073304029 34 8161
170073304138 34 6094
170073304281 4 6405
170073304396 349 7207
170073304465 29 3865
170073304660 3 6818
170073304474 3 8695
170073304468 3 6082
170073304377 141 2917
170073304510 4 5151
170073304392 57 2358
170073304587 3 8013
170073304620 237 4660
170073304849 15 9361
170073304656 3 1828
170073304589 361 5576
170073304771 99 4174
170073304589 99 4912
170073304980 365 8265
170073305058 279 5924
170073304838 214 6226
170073305078 329 2624
170073304776 4 8624
170073305075 4 8647
170073304952 4 8365
170073305156 4 8547
170073304957 4 1860
170073305360 18 7726
170073305217 4 8889
170073304960 4 5622
170073305174 4 5536
170073305259 4 8363
170073305307 4 6753
170073305648 342 8791
170073305318 4 7418
170073305373 4 9654
170073305785 4 5891
170073305470 4 9249
170073305623 4 2074
170073305620 4 7669
170073305626 4 5172
170073305703 4 1472
170073305587 4 3290
170073305735 4 8121
170073305854 4 4766
170073305974 387 2055
170073305934 4 4974
170073306014 4 2802
170073305780 9 3447
170073305697 9 4963
170073305611 336 2111
170073305958 18 2462
170073305886 237 5856
170073305888 49 7977
170073306036 9 7579
170073306007 83 2219
170073305808 38 5560
170073305907 38 4638
170073306142 4 3587
170073306289 4 6688
170073306000 38 9582
170073306244 323 2161
170073306118 3 6321
170073306344 4 7366
170073306527 29 5964
170073306294 372 4262
170073306391 29 1024
170073306593 227 8333
170073306377 3 3883
170073306634 3 7428
170073306345 287 5661
170073306653 323 1955
170073306661 365 6360
170073306632 4 9522
170073306672 4 1559
170073306752 3 9874
170073306666 76 2378
170073306721 59 8479
170073306879 39 9395
170073307097 361 8997
170073306645 393 7377
170073306961 361 4110
170073306939 360 9705
170073306730 422 1332
170073307019 382 4726
170073307109 281 2248
170073307001 4 2203
170073306921 4 3168
170073307211 4 2461
170073307143 4 1811
170073307159 4 8717
170073306901 4 8903
170073307290 4 8043
170073307234 4 7224
170073307356 4 8734
170073307081 4 7868
170073307458 4 4549
170073307318 4 7925
170073307418 4 8618
170073307172 4 9044
170073307132 4 2582
170073307358 323 8627
170073307511 4 4752
170073307347 4 4806
170073307612 4 3162
170073307243 4 4017
170073307570 4 2682
170073307702 4 2697
170073307588 4 4651
170073307628 4 6637
170073307689 4 2175
170073307886 4 9903
170073307660 4 2845
170073307783 4 1301
170073307840 13 3008
170073307893 4 9729
170073307993 3 9195
170073307633 29 8316
170073307741 66 9093
170073307968 38 4401
170073308004 349 3449
170073307823 4 4055
170073308117 38 6193
170073308135 3 8992
170073307766 4 7738
170073308074 4 5279
170073307886 4 7659
170073308124 49 5005
170073308212 57 9394
170073308313 4 2139
170073308400 307 9163
170073308466 4 8500
170073308370 4 6350
170073308478 349 3681
170073308613 38 2320
170073308277 38 5244
170073308583 49 1176
170073308609 46 1698
170073308720 4 3462
170073308875 4 2235
170073308499 4 6207
170073308430 4 1257
170073308460 362 6434
170073308785 39 9210
170073308973 4 2291
170073308750 270 7323
170073309025 3 6516
170073308605 34 6200
170073309083 357 1821
170073308968 4 5648
170073309164 334 1029
170073309220 4 6550
170073309086 141 7699
170073308968 157 3969
170073309188 4 6082
170073309397 4 9315
170073309089 324 1380
170073309213 4 4529
170073309114 4 4506
170073309485 4 1106
170073309425 4 5446
170073309460 4 9577
170073309114 4 5427
170073309312 4 9359
170073309256 4 7243
170073309534 4 2071
170073309336 4 1524
170073309579 4 7597
170073309642 4 5483
170073309523 4 6781
170073309389 38 1204
170073309455 4 6231
170073309453 57 4562
170073309982 4 3819
170073309517 4 6923
170073309874 38 2154
170073309879 38 7894
170073309702 38 9581
170073309790 307 8541
170073309809 11 1258
170073309915 3 6005
170073310125 9 2081
170073310073 4 5898
170073310250 4 4267
170073310137 4 8740
170073310388 349 5019
170073309965 336 9207
170073310247 4 1357
170073310008 309 7838
170073310379 270 8968
170073310367 321 2122
170073310226 323 2390
170073310464 3 1373
170073310207 3 2811
170073310689 9 4946
170073310673 3 8311
170073310586 3 2242
170073310499 3 8872
170073310504 355 7320
170073310784 76 7539
170073310684 3 4494
170073310969 48 5354
170073310817 57 8530
170073310735 9 8033
170073310862 361 5483
170073311071 57 3884
170073311179 34 5148
170073310917 4 8053
170073311099 349 4911
170073310982 4 6132
170073310938 4 7701
170073310994 4 4601
170073311313 3 9964
170073311306 4 6286
170073311292 38 2840
170073311043 4 9668
170073311258 4 6693
170073311015 169 7863
170073311571 4 5894
170073311356 4 6745
170073311348 4 5718
170073311225 4 4771
170073311246 4 4745
170073311449 76 7716
170073311514 4 9152
170073311651 4 5078
170073311756 4 9145
170073311503 4 2965
170073311601 4 3228
170073311617 4 1357
170073311662 4 6849
170073311419 4 7043
170073311935 4 7040
170073311688 4 6377
170073311737 4 5348
170073311955 57 9707
170073311967 4 9761
170073311773 3 4922
170073311903 4 7649
170073311714 307 1786
170073311993 121 7346
170073311986 4 4795
170073312071 237 9550
170073312288 237 9627
170073312224 4 7561
170073311966 9 1523
170073312153 160 8634
170073312064 28 9576
170073312153 4 7881
170073312486 4 5109
170073312351 4 3763
170073312204 4 2730
170073312133 294 2477
170073312229 46 5885
170073312565 75 1598
170073312208 4 4413
170073312549 39 2811
170073312693 355 1470
170073312306 4 4653
170073312467 9 3043
170073312465 57 9050
170073312696 4 1185
170073312728 349 1270
170073312579 237 9677
170073312909 75 4952
170073312856 349 5697
170073313018 4 7466
170073312974 4 7675
170073312788 4 5116
170073312663 77 1122
170073313175 336 6349
170073313015 4 2617
170073313233 4 3475
170073313207 4 3181
170073312801 4 8585
170073312873 4 3646
170073312976 4 6736
170073313244 4 5844
170073313327 4 4000
170073312925 4 8929
170073313086 4 8939
170073313464 323 3759
170073313437 4 4502
170073313403 349 4920
170073313377 126 5233
170073313173 3 3939
170073313441 38 6240
170073313450 355 8464
170073313471 4 2960
170073313413 4 1280
170073313550 351 4868
170073337121 355 6430
170073337542 4 9507
170073337397 29 4920
170073337878 76 6051
170073338127 3 5630
170073337993 3 3934
170073338103 3 2115
170073338105 3 9355
170073337841 3 7086
170073338198 34 2753
170073338298 3 9855
170073338262 3 4325
170073338001 9 6457
170073338304 338 1552
170073338042 323 9742
170073338293 324 5575
170073338300 157 3561
170073338234 4 9332
170073338276 15 1600
170073338231 29 4439
170073338278 11 6225
170073338424 349 5157
170073338576 75 7932
170073338522 4 3462
170073339502 355 7587
170073339958 4 3102
170073340026 29 5037
170073339920 76 6562
170073340321 3 2004
170073340311 3 8041
170073340330 3 6288
170073340544 3 8163
170073340242 3 4597
170073340419 34 7586
170073340483 3 4315
170073340319 3 8401
170073340452 9 1763
170073340380 338 8375
170073340869 323 5241
170073340880 324 9671
170073340921 157 6119
170073340770 4 7816
170073340874 15 7456
170073340605 29 5090
170073340904 11 2411
170073340710 349 4992
170073341032 75 1821
170073340968 4 8659
170073340835 4 6866
170073341055 4 8441
170073341167 4 4819
170073341019 4 8725
170073340825 38 1136
170073340804 328 5347
170073341349 107 8894
170073340995 9 1546
170073341445 347 4593
170073341500 4 6450
170073341481 4 8180
170073341370 157 3080
170073341221 57 4466
170073341554 15 2615
170073341665 226 5648
170073341404 4 1627
170073341564 369 8929
170073341609 365 5439
170073341416 214 4313
170073341575 237 3293
170073341798 17 8210
170073341491 76 7061
170073341887 38 6547
170073341548 4 9069
170073341693 237 2833
170073342098 4 1978
170073341965 15 2023
170073341952 323 9254
170073341968 355 9230
170073341834 360 3377
170073341819 4 4708
170073342116 49 3743
170073341801 38 4473
170073342227 4 7338
170073342190 214 3184
170073342360 4 6145
170073342343 355 4317
170073342499 17 9485
170073342263 294 8540
170073342518 355 7493
170073342269 307 4878
170073342474 347 6871
170073342245 214 5561
170073342205 214 7018
170073342504 38 1690
170073342401 4 9126
170073342769 4 3944
170073342427 332 5516
170073342509 352 3989
170073342627 4 2866
170073342560 38 7749
170073342820 9 2391
170073342742 351 9167
170073342639 289 2939
170073342984 34 9283
170073343149 136 2195
170073342890 246 4542
170073342859 3 7129
170073342742 3 2294
170073342894 4 6822
170073343002 3 1907
170073343286 57 2521
170073343274 4 9711
170073343112 49 9393
170073343251 4 9988
170073343333 4 9528
170073343086 4 8174
170073343161 3 2048
170073343197 3 1454
170073343384 4 8877
170073343176 4 3700
170073343338 4 2771
170073343550 4 3160
170073343457 4 4813
170073343466 4 2660
170073343224 4 2412
170073343534 15 6865
170073343399 48 3633
170073343603 287 7250
170073343733 13 4750
170073343886 76 4188
170073343459 28 2933
170073343664 4 8058
170073343723 107 7624
170073343933 94 2470
170073343938 323 1998
170073343983 3 2018
170073343698 3 6580
170073343651 3 4623
170073343990 3 9582
170073343707 3 4644
170073344051 57 8552
170073344109 355 8163
170073344096 324 6221
170073343867 357 3754
170073344084 336 2456
170073344107 3 4426
170073344039 357 7865
170073344064 39 7318
170073344379 4 6993
170073344469 4 3859
170073344419 4 3616
170073344243 4 9513
170073344312 349 4014
170073344268 4 3523
170073344394 351 4662
170073344564 4 4554
170073344690 4 8726
170073344283 4 8427
170073344455 4 2266
170073344308 4 3362
170073344780 4 4613
170073344490 4 8656
170073344520 4 6504
170073344505 4 1804
170073344428 4 1970
170073344754 4 3826
170073344682 4 7077
170073344771 4 7851
170073344941 4 3765
170073344625 4 7051
170073344811 28 6067
170073345010 329 2197
170073344906 4 4698
170073345139 4 6671
170073344865 4 7453
170073344708 34 5238
170073344859 4 4053
170073344947 38 7585
170073345272 349 9927
170073345194 52 2501
170073344996 57 4980
170073345382 57 4231
170073345117 4 1643
170073345128 270 7117
170073345298 349 2162
170073345475 4 4791
170073345562 9 2518
170073345551 15 1450
170073345606 329 1860
170073345422 357 4202
170073345355 4 1924
170073345838 38 4768
170073345631 4 1840
170073345449 15 4108
170073345808 4 9432
170073345766 4 7865
170073345896 38 9749
170073345657 4 8915
170073345854 4 5752
170073345629 4 3406
170073345813 38 4543
170073345959 4 3378
170073346096 4 5152
170073345834 322 9131
170073346192 4 2161
170073346155 237 7431
170073346184 4 3254
170073345936 264 5094
170073346321 38 8997
170073346077 355 8946
170073346247 309 7118
170073346398 4 6534
170073346509 4 9758
170073346561 38 3239
170073346340 185 4380
170073346420 4 7247
170073346521 3 4114
170073346346 342 9191
170073346664 4 1340
170073346372 4 1633
170073346852 39 3918
170073346560 38 3199
170073346540 381 5957
170073346908 4 5286
170073346882 49 1248
170073346750 48 3887
170073346740 4 1957
170073347073 4 8102
170073346875 4 8544
170073346884 270 5212
170073347123 4 8426
170073347200 4 9699
170073347011 4 8082
170073346909 28 3467
170073346821 350 6220
170073346966 4 6158
170073347245 4 3773
170073347030 4 2279
170073347288 4 2110
170073347444 4 1408
170073347476 4 9514
170073347149 4 3269
170073347307 351 1540
170073347415 289 9508
170073347400 4 5965
170073347343 289 2412
170073347283 4 4216
170073347331 4 9066
170073347325 4 6667
170073347462 76 1754
170073347381 38 8077
170073347552 4 4234
170073347652 4 3472
170073347688 46 8529
170073347734 355 9008
170073347631 38 1322
170073347697 4 9562
170073347718 38 8458
170073347834 4 1311
170073348001 34 6706
170073348182 4 2894
170073347845 29 7401
170073347917 38 8598
170073348411 4 5822
170073348238 4 1620
170073348137 38 2156
170073348352 28 1545
170073348242 4 9615
170073348274 34 3797
170073348513 4 7796
170073348458 34 3368
170073348639 226 4240
170073348401 270 9947
170073348896 4 7462
170073348779 77 6054
170073348721 28 7672
170073348770 4 2099
170073348964 4 2066
170073348878 322 1638
170073348871 4 3703
170073349138 4 9995
170073348835 214 9608
170073348936 48 2322
170073348881 136 1928
170073349192 4 3428
170073349200 4 1107
170073349076 4 1963
170073349146 4 9106
170073349420 4 1389
170073349266 4 3931
170073349347 4 6463
170073349357 352 8155
170073349430 4 5293
170073349583 4 8447
170073349186 4 9801
170073349498 4 7886
170073349256 148 7849
170073349260 355 8942
170073349347 384 8680
170073349309 3 9542
170073349440 4 2676
170073349683 4 4667
170073349426 4 3716
170073349875 34 4946
170073349881 59 8802
170073349504 38 9860
170073349941 9 6273
170073349840 54 7601
170073349845 48 9739
170073350003 323 8402
170073350183 4 7195
170073350154 18 8228
170073349996 48 4039
170073350081 362 6819
170073349827 38 8200
170073350196 287 3677
170073350302 4 6917
170073350125 4 3663
170073350085 294 9428
170073350009 59 1735
170073350447 309 9779
170073350433 34 4529
170073350367 48 7629
170073350434 355 8819
170073350586 4 7790
170073350300 4 7866
170073350204 169 9188
170073350523 57 5846
170073350656 307 5084
170073350695 237 9336
170073350662 107 9307
170073350723 28 1153
170073350601 66 1716
170073350903 237 9199
170073350725 38 4234
170073350831 307 7835
170073350747 77 9611
170073351039 38 1087
170073351208 149 3892
170073350891 9 8948
170073350978 38 1260
170073351045 347 2563
170073351103 38 1087
170073351254 307 3971
170073351568 38 9775
170073351296 6 2848
170073351340 3 4391
170073351512 362 3309
170073351762 327 5534
170073351709 3 4385
170073351327 4 9020
170073351306 4 5142
170073351482 4 7943
170073351477 4 1322
170073351467 4 8189
170073351830 4 8984
170073351729 4 7348
170073351912 4 5655
170073351910 4 3237
170073351812 4 4661
170073351982 4 5249
170073351982 339 1561
170073351871 4 4000
170073351957 4 1864
170073351702 4 8625
170073351751 237 5529
170073352288 4 7834
170073351963 4 9510
170073352159 214 7721
170073352353 287 3662
170073352140 107 5599
170073352367 107 2449
170073352426 57 1107
170073352404 4 8386
170073352363 4 3166
170073352286 9 5753
170073352242 4 1116
170073352234 34 7962
170073352331 160 6250
170073352212 4 4340
170073352481 46 3840
170073352473 4 8376
170073352542 38 3487
170073352714 57 5113
170073352492 4 8060
170073352533 48 2301
170073352521 270 9704
170073352692 9 8220
170073352562 15 2819
170073352784 39 1544
170073352767 355 7455
170073352695 4 7265
170073353051 342 1086
170073352804 3 8850
170073353108 3 6304
170073353164 38 2274
170073353170 4 8644
170073353005 4 6359
170073352864 337 5392
170073352926 3 2870
170073352933 355 2904
170073353446 76 1491
170073353340 29 5927
170073353245 3 6673
170073353462 3 2190
170073353346 350 7051
170073353403 3 5244
170073353208 4 7807
170073353616 136 7224
170073353738 3 7746
170073353570 3 1702
170073353752 3 3595
170073353655 3 2786
170073353619 9 5949
170073353923 4 6478
170073354036 357 2443
170073353768 4 2622
170073354025 9 4772
170073354041 57 7069
170073354146 126 9713
170073353953 4 5400
170073353904 4 1476
170073353960 4 6010
170073354374 4 8220
170073354457 4 8905
170073354365 4 9062
170073354363 4 7789
170073354527 4 5095
170073354273 4 3346
170073354198 4 1188
170073354664 355 2486
170073354252 4 2023
170073354323 4 9299
170073354344 38 3718
170073354442 4 6223
170073354678 6 8940
170073354808 4 1032
170073354673 38 3928
170073354761 59 5073
170073354849 17 5899
170073354772 167 9583
170073354740 3 1386
170073354647 38 9765
170073355186 349 8515
170073355159 74 5236
170073355109 198 3570
170073354968 4 5538
170073354898 4 9414
170073355318 57 9310
170073355171 291 2503
170073355210 4 5103
170073355029 39 8208
170073355001 3 6608
170073355304 11 2844
170073355354 46 6864
170073355258 349 6615
170073355403 46 2767
170073355315 345 3318
170073355605 34 6870
170073355734 34 9323
170073355369 4 5586
170073355772 349 8262
170073355478 29 8055
170073355505 3 6081
170073355669 3 7321
170073355487 3 9296
170073355588 141 2624
170073355932 4 9886
170073355826 57 9162
170073355654 3 7210
170073355713 237 7240
170073355749 15 2273
170073355958 3 5104
170073355739 361 3741
170073356132 99 7295
170073355868 99 8458
170073356036 365 1482
170073355910 279 3007
170073356283 214 3708
170073356463 329 3640
170073356182 4 5404
170073356380 4 9985
170073356596 4 3224
170073356475 4 5919
170073356489 4 5456
170073356430 18 4539
170073356345 4 3230
170073356268 4 9260
170073356738 4 6799
170073356723 4 3605
170073356512 4 1244
170073356814 342 3474
170073356888 4 3938
170073356618 4 7985
170073356908 4 2089
170073356729 4 2844
170073356700 4 9636
170073356757 4 8585
170073357054 4 7538
170073356607 4 2245
170073356741 4 6675
170073356874 4 5473
170073356863 4 6447
170073357068 387 4951
170073356782 4 6614
170073357199 4 6285
170073357267 9 6447
170073357262 9 4186
170073357323 336 9602
170073357005 18 2523
170073357442 237 1516
170073357265 49 6800
170073357116 9 4405
170073357232 83 5507
170073357646 38 2209
170073357646 38 2496
170073357329 4 1608
170073357734 4 3332
170073357580 38 6701
170073357718 323 9355
170073357423 3 3125
170073357794 4 5720
170073357556 29 7353
170073357547 372 9118
170073357681 29 3187
170073357800 227 3031
170073358077 3 8785
170073357855 3 1396
170073357727 287 3871
170073358167 323 9912
170073358039 365 7668
170073357825 4 9729
170073357880 4 5345
170073358171 3 6311
170073358048 76 7170
170073358055 59 3029
170073358166 39 8027
170073358168 361 9154
170073358330 393 9523
170073358576 361 9890
170073860979 355 7195
170073860636 4 3767
170073860811 29 2179
170073861153 76 9084
170073860906 3 3267
170073861222 3 2537
170073861198 3 8710
170073861290 3 4739
170073861350 3 7338
170073861450 34 5159
170073861221 3 5255
170073861689 3 3171
170073861633 9 4203
170073861479 338 5101
170073861321 323 8575
170073861758 324 1239
170073861439 157 9128
170073861760 4 9478
170073862053 15 6842
170073861770 29 6217
170073862153 11 9761
170073861914 349 2638
170073861816 75 9103
170073862238 4 1776
170073861991 4 5982
170073861996 4 8844
170073862223 4 3944
170073862110 4 4247
170073862227 38 8868
170073862348 328 2536
170073862493 107 7486
170073862344 9 9262
170073862699 347 8123
170073862321 4 9576
170073862730 4 3180
170073862687 157 7569
170073862693 57 1803
170073862857 15 7107
170073862885 226 8106
170073863020 4 5636
170073863198 369 6749
170073863195 365 4636
170073863224 214 6232
170073863044 237 1136
170073863286 17 6758
170073863377 76 4548
170073863271 38 4984
170073863435 4 7336
170073863398 237 1825
170073863578 4 4708
170073863605 15 3065
170073863322 323 5071
170073863720 355 8596
170073863660 360 6460
170073863917 4 3015
170073863625 49 6212
170073863650 38 3289
170073863758 4 6310
170073863953 214 2545
170073863905 4 5890
170073864250 355 2726
170073864202 17 3134
170073864118 294 6451
170073864387 355 7260
170073864448 307 9627
170073864488 347 5323
170073864250 214 4426
170073864248 214 8458
170073864374 38 5746
170073864647 4 5221
170073864449 4 2374
170073864557 332 8499
170073864524 352 2452
170073864840 4 2819
170073864893 38 5806
170073864564 9 4341
170073864829 351 1403
170073864706 289 1544
170073865184 34 2824
170073865244 136 1560
170073865056 246 5904
170073865309 3 3470
170073865275 3 5828
170073865032 4 9362
170073865292 3 3780
170073865436 57 3767
170073865502 4 5931
170073865682 49 3663
170073865560 4 2319
170073865343 4 5237
170073865480 4 2392
170073865847 3 1273
170073865783 3 8126
170073865733 4 6593
170073865986 4 7664
170073866031 4 4671
170073866021 4 9745
170073865780 4 5861
170073866225 4 4522
170073865807 4 1362
170073866011 15 6307
170073866363 48 4329
170073866445 287 4180
170073866012 13 2790
170073866198 76 6437
170073866355 28 9646
170073866316 4 6640
170073866651 107 8601
170073866494 94 1506
170073866766 323 4916
170073866861 3 5977
170073866904 3 5801
170073866859 3 3571
170073866955 3 5316
170073866748 3 5792
170073867051 57 5778
170073867282 355 1233
170073866850 324 5481
170073867012 357 8241
170073867397 336 7974
170073867067 3 2861
170073867163 357 7133
170073867225 39 3681
170073867344 4 4815
170073867314 4 3550
170073867768 4 7932
170073867383 4 7144
170073867641 349 2075
170073867565 4 2224
170073867773 351 5444
170073867761 4 1767
170073867876 4 5041
170073867725 4 5718
170073867601 4 7078
170073867945 4 4173
170073867958 4 9406
170073868016 4 5877
170073868164 4 6813
170073868279 4 2648
170073867920 4 8551
170073868069 4 5659
170073868151 4 2450
170073868039 4 6164
170073868447 4 8954
170073868416 4 5995
170073868599 28 9306
170073868233 329 9966
170073868270 4 6036
170073868483 4 2818
170073868671 4 4694
170073868759 34 9239
170073868319 4 1659
170073868572 38 9573
170073868588 349 7441
170073868682 52 4171
170073868873 57 5641
170073868626 57 6424
170073868675 4 7615
170073868604 270 9203
170073869157 349 4650
170073868875 4 7856
170073868857 9 1215
170073868807 15 3320
170073869056 329 5428
170073868996 357 6156
170073869137 4 9997
170073869044 38 3939
170073869421 4 6988
170073869431 15 3974
170073869331 4 3379
170073869418 4 5620
170073869558 38 3818
170073869661 4 7072
170073869497 4 9402
170073869501 4 5815
170073869868 38 9641
170073869491 4 6272
170073869590 4 5543
170073869650 322 4196
170073869713 4 4714
170073869773 237 5215
170073869947 4 5362
170073869805 264 8639
170073869973 38 6406
170073870192 355 8528
170073870182 309 4100
170073870065 4 1906
170073870060 4 4136
170073870214 38 9907
170073870366 185 3625
170073870305 4 9396
170073870016 3 9158
170073870564 342 7001
170073870494 4 2471
170073870243 4 9881
170073870402 39 3343
170073870776 38 7722
170073870310 381 4909
170073870425 4 7245
170073870524 49 7771
170073870683 48 7504
170073870925 4 8863
170073870582 4 8310
170073870709 4 6921
170073870825 270 9220
170073870862 4 7058
170073871193 4 3112
170073871160 4 6846
170073870984 28 9408
170073870891 350 8247
170073870998 4 1365
170073870984 4 1367
170073871323 4 7059
170073871281 4 3353
170073871057 4 3259
170073871168 4 1609
170073871330 4 6389
170073871274 351 6628
170073871366 289 8908
170073871330 4 8225
170073871604 289 5798
170073871733 4 2810
170073871626 4 5640
170073871821 4 5918
170073871790 76 5444
170073871924 38 6066
170073871827 4 9294
170073871615 4 6714
170073871943 46 5093
170073872182 355 1583
170073871946 38 6574
170073871817 4 9677
170073872035 38 6840
170073872089 4 9577
170073872278 34 3655
170073872268 4 4813
170073872199 29 5304
170073872243 38 6073
170073872547 4 6975
170073872376 4 5227
170073872344 38 5584
170073872695 28 8728
170073872687 4 4488
170073872355 34 5751
170073872744 4 6155
170073872528 34 9178
170073872463 226 5877
170073872657 270 5494
170073872706 4 6081
170073872978 77 3156
170073872742 28 4234
170073872821 4 4809
170073873071 4 3960
170073873149 322 4667
170073873143 4 2321
170073872916 4 5502
170073873020 214 7044
170073873211 48 3434
170073873160 136 4456
170073873448 4 8115
170073873583 4 7835
170073873324 4 7684
170073873280 4 9773
170073873559 4 3949
170073873469 4 2725
170073873346 4 8100
170073873797 352 3718
170073873636 4 6603
170073873578 4 9714
170073873791 4 6610
170073873676 4 7048
170073873447 148 2082
170073873927 355 5946
170073873683 384 3196
170073874031 3 6332
170073873761 4 2305
170073874109 4 6945
170073874007 4 6471
170073874138 34 2163
170073874266 59 5874
170073874312 38 8906
170073874125 9 7441
170073874114 54 6135
170073874371 48 1438
170073874505 323 8540
170073874376 4 1158
170073874544 18 2976
170073874485 48 4512
170073874564 362 2277
170073874415 38 5823
170073874587 287 3381
170073874495 4 8149
170073874736 4 7114
170073874554 294 1139
170073874795 59 5561
170073874535 309 4950
170073874747 34 9252
170073875072 48 8400
170073874718 355 6379
170073874810 4 1145
170073874811 4 6796
170073875006 169 1213
170073875276 57 4075
170073874964 307 9684
170073875121 237 6424
170073875326 107 6555
170073875409 28 3772
170073875564 66 8290
170073875332 237 7453
170073875443 38 7231
170073875649 307 4204
170073875599 77 6900
170073875339 38 6355
170073875573 149 9488
170073875884 9 2294
170073875836 38 7357
170073875781 347 6980
170073875917 38 9966
170073875958 307 6361
170073875643 38 9953
170073875615 6 4591
170073875982 3 3458
170073875946 362 7417
170073875990 327 3464
170073875889 3 9378
170073876094 4 3578
170073876257 4 8263
170073876083 4 9022
170073876050 4 5628
170073876401 4 1018
170073876079 4 9686
170073876361 4 8458
170073876594 4 3227
170073876180 4 6272
170073876311 4 5984
170073876664 4 1492
170073876755 339 9942
170073876332 4 8789
170073876677 4 8532
170073876602 4 7759
170073876838 237 6314
170073876429 4 9718
170073876999 4 7366
170073876912 214 1802
170073876876 287 3473
170073877041 107 6642
170073876912 107 2759
170073877066 57 7422
170073877124 4 4808
170073877269 4 5400
170073876933 9 4859
170073877345 4 3389
170073877062 34 4486
170073877268 160 8767
170073877201 4 1948
170073877184 46 7494
170073877396 4 6735
170073877684 38 7050
170073877402 57 5953
170073877363 4 8474
170073877640 48 1638
170073877726 270 3537
170073877764 9 9692
170073877997 15 9337
170073877516 39 5955
170073877988 355 3776
170073877798 4 1957
170073877759 342 7741
170073877972 3 3424
170073877949 3 5282
170073877811 38 5721
170073878012 4 3734
170073878211 4 3770
170073878296 337 7353
170073878437 3 2986
170073878371 355 9490
170073878229 76 1856
170073878514 29 2717
170073878515 3 5570
170073878474 3 2103
170073878273 350 7915
170073878416 3 4849
170073878505 4 7628
170073878781 136 4411
170073878892 3 3871
170073878785 3 4654
170073878980 3 4203
170073878515 3 3391
170073878504 9 3927
170073878785 4 5032
170073878838 357 6645
170073878777 4 9390
170073878811 9 9725
170073879274 57 4899
170073879054 126 6457
170073879218 4 8098
170073879004 4 7102
170073879158 4 6074
170073879322 4 8113
170073879285 4 5682
170073879457 4 9524
170073879324 4 3544
170073879464 4 8917
170073879690 4 5231
170073879376 4 9435
170073879239 355 9070
170073879626 4 4679
170073879462 4 7614
170073879688 38 9442
170073879543 4 3093
170073879867 6 6856
170073879504 4 9574
170073880086 38 4051
170073879745 59 5372
170073879833 17 7251
170073879883 167 2950
170073879823 3 6521
170073880281 38 3473
170073880208 349 1958
170073880080 74 5664
170073880262 198 1793
170073880471 4 4797
170073880225 4 2141
170073880552 57 4942
170073880144 291 5344
170073880240 4 5193
170073880569 39 2107
170073880540 3 9626
170073880514 11 9962
170073880733 46 9222
170073880672 349 5350
170073880969 46 5976
170073880703 345 5331
170073881080 34 5705
170073880986 34 8451
170073880728 4 5252
170073880811 349 7749
170073881118 29 7840
170073880948 3 6141
170073881349 3 9481
170073881468 3 5575
170073881344 141 7085
170073881145 4 8743
170073881581 57 4895
170073881450 3 7087
170073881589 237 7125
170073881453 15 2287
170073881495 3 9028
170073881535 361 4151
170073881627 99 1833
170073881401 99 4249
170073881412 365 7886
170073881868 279 2179
170073882027 214 8603
170073881693 329 1320
170073882115 4 7910
170073882012 4 6148
170073881802 4 7497
170073881800 4 1268
170073881871 4 4865
170073881935 18 3322
170073882055 4 6109
170073882367 4 7263
170073882233 4 9316
170073882447 4 4130
170073882184 4 4753
170073882645 342 9219
170073882295 4 2040
170073882651 4 1047
170073882736 4 3359
170073882466 4 8979
170073882722 4 6478
170073882872 4 2114
170073882995 4 5851
170073882631 4 7571
170073882809 4 8324
170073882853 4 7685
170073882937 4 2943
170073882813 387 6273
170073882841 4 9966
170073883046 4 4998
170073882840 9 3465
170073883358 9 4163
170073883089 336 9933
170073883374 18 2217
170073883350 237 5632
170073883598 49 4909
170073883385 9 4111
170073883363 83 7272
170073883416 38 7121
170073883369 38 4222
170073883484 4 2054
170073883870 4 6730
170073883489 38 7122
170073883745 323 9292
170073883805 3 9409
170073883792 4 2371
170073883738 29 7071
170073883902 372 1370
170073884235 29 6742
170073884077 227 3804
170073884024 3 1312
170073884272 3 9007
170073884033 287 3437
170073884377 323 5180
170073884281 365 8200
170073884274 4 3741
170073884323 4 6054
170073884620 3 5215
170073884725 76 9687
170073884300 59 5754
170073884476 39 7579
170073884841 361 5679
170073884490 393 5920
170073884872 361 5990
170073885068 360 5698
170073884942 422 3260
170073884921 382 8638
170073884889 281 1344
170073885011 4 3048
170073885147 4 9085
170073885072 4 5150
170073884870 4 6551
170073885031 4 3198
170073885376 4 5039
170073885128 4 8359
170073885076 4 7424
170073885290 4 3785
170073885108 4 4923
170073885357 4 1079
170073885676 4 6164
170073885571 4 3252
170073885755 4 2588
170073885394 4 9724
170073885616 323 1288
170073885405 4 1012
170073885405 4 3262
170073885655 4 2917
170073885539 4 5631
170073885699 4 4651
170073885759 4 2487
170073885688 4 9114
170073885866 4 5336
170073886081 4 8953
170073886047 4 3470
170073885926 4 6392
170073886066 4 2675
170073885854 13 5202
170073885949 4 9541
170073886209 3 4388
170073886369 29 6956
170073886476 66 2073
170073886353 38 1683
170073886377 349 4510
170073886376 4 6509
170073886326 38 9981
170073886790 3 8171
170073886773 4 9012
170073886341 4 7143
170073886698 4 3536
170073886634 49 2455
170073886877 57 9586
170073886601 4 9379
170073886983 307 1065
170073887017 4 7865
170073886931 4 5706
170073886921 349 7132
170073887128 38 5367
170073887107 38 4299
170073887253 49 8798
170073887354 46 8152
170073886957 4 1590
170073887028 4 2381
170073887284 4 4162
170073887428 4 6153
170073887327 362 9388
170073887319 39 6414
170073887135 4 8374
170073887222 270 6148
170073887430 3 7285
170073887514 34 9091
170073887357 357 9812
170073887773 4 5894
170073887737 334 4471
170073887558 4 2959
170073887490 141 3250
170073887923 157 1140
170073887770 4 6558
170073887671 4 1050
170073887916 324 7533
170073888198 4 7905
170073888132 4 2035
170073887805 4 9991
170073888137 4 9812
170073887829 4 7528
170073887971 4 4647
170073887983 4 3017
170073888205 4 9335
170073888399 4 5249
170073888285 4 2963
170073888116 4 8552
170073888259 4 8724
170073888451 4 3721
170073888405 38 8373
170073888338 4 9304
170073888577 57 3266
170073888450 4 9764
170073888523 4 7532
170073888676 38 6053
170073888533 38 5720
170073888659 38 8105
170073888886 307 7931
170073889096 11 9523
170073888678 3 2527
170073888649 9 7174
170073888864 4 6651
170073889108 4 2479
170073889270 4 7594
170073889241 349 5914
170073889064 336 7029
170073888963 4 8110
170073889352 309 4139
170073889020 270 3957
170073889238 321 6454
170073889101 323 2652
170073889574 3 8076
170073889495 3 4265
170073889374 9 5542
170073889576 3 3478
170073889615 3 5946
170073889379 3 4471
170073889686 355 3200
170073889688 76 3638
170073889960 3 9597
170073889615 48 7783
170073889848 57 8556
170073890034 9 4135
170073889835 361 6461
170073889962 57 6978
170073889835 34 9557
170073890188 4 2724
170073890269 349 6052
170073890201 4 2191
170073890417 4 4123
170073890500 4 9359
170073890254 3 2727
170073890425 4 9089
170073890405 38 5200
170073890361 4 9106
170073890344 4 2350
170073890630 169 9249
170073890742 4 2428
170073890606 4 6162
170073890419 4 1900
170073890870 4 9822
170073890590 4 1742
170073890753 76 2675
170073890691 4 2592
170073890993 4 7872
170073890989 4 9928
170073890987 4 4255
170073890972 4 7534
170073891088 4 6852
170073891296 4 1619
170073891020 4 7939
170073891072 4 3043
170073891198 4 6502
170073891250 4 3325
170073891236 57 9768
170073891392 4 8497
170073891351 3 5922
170073891156 4 3216
170073891245 307 6071
170073891484 121 1765
170073891341 4 4831
170073891563 237 4641
170073891261 237 4946
170073891638 4 5526
170073891578 9 4628
170073891311 160 1474
170073891302 28 3428
170073891674 4 7827
170073891542 4 3077
170073891406 4 8263
170073891936 4 6070
170073891565 294 8165
170073891780 46 3180
170073892034 75 7423
170073892073 4 1473
170073891917 39 9440
170073891898 355 8129
170073892110 4 9136
170073891748 9 7174
170073891855 57 3442
170073891887 4 5926
170073892081 349 8602
170073892190 237 7124
170073892288 75 4468
170073892366 349 6537
170073892164 4 7944
170073892170 4 1834
170073892512 4 5186
170073892431 77 3840
170073892735 336 2792
170073892630 4 9172
170073892785 4 1752
170073892666 4 1150
170073892702 4 8808
170073892952 4 9684
170073892898 4 6802
170073893040 4 7925
170073893058 4 9575
170073892956 4 5148
170073893149 4 7833
170073893215 323 2874
170073892896 4 9139
170073893259 349 8129
170073893368 126 5061
170073893099 3 9895
170073893290 38 8150
170073893148 355 6974
170073893438 4 1933
170073893181 4 4603
170073893276 351 3471
170073893444 126 4649
170073893665 160 6891
170073893746 4 7001
170073893539 3 5078
170073893835 308 1791
170073893609 4 5299
170073893547 4 9352
170073893838 357 6970
170073894006 3 2101
170073894090 3 8327
170073894025 3 4950
170073893944 3 8965
170073894027 410 1665
170073893808 38 9490
170073893910 340 5375
170073894101 357 3257
170073894004 4 6076
170073894163 49 5068
170073894106 214 2440
170073894285 3 5553
170073894538 38 3150
170073894505 4 5431
170073894303 4 6627
170073894576 4 9944
170073894712 4 9925
170073894677 4 5828
170073894545 4 1141
170073894666 289 8083
170073894675 3 1717
170073894610 361 6908
170073894766 34 5917
170073895004 4 2904
170073895148 4 1908
170073894741 4 3223
170073894792 4 4082
170073894969 4 5871
170073895141 4 3930
170073895246 3 2135
170073895223 4 3349
170073895239 349 9635
170073895475 4 3243
170073895393 4 3996
170073895229 4 1295
170073895492 4 8706
170073895325 4 6566
170073895454 4 8615
170073895320 57 1387
170073895446 17 3132
170073895622 57 8549
170073895324 38 8519
170073895725 4 9411
170073895882 323 5710
170073895684 4 8755
170073895521 4 4582
170073895995 48 8493
170073896073 334 2194
170073896010 4 3494
170073895792 3 7453
170073896001 350 2984
170073895717 289 5461
170073896069 4 7276
170073895847 355 2803
170073895980 322 9793
170073895931 141 8811
170073896063 357 1735
170073896489 34 5436
170073896310 38 2441
170073896229 3 7507
170073896567 4 7230
170073896635 335 5409
170073896339 38 4012
170073896367 28 7146
170073896654 13 6944
170073896424 58 4528
170073896675 355 3962
170073896614 38 3586
170073896962 18 2610
170073896627 336 6705
170073896902 4 4673
170073896719 4 5862
170073896977 4 3694
170073897025 4 8250
170073897003 4 9145
170073896819 4 2912
170073897204 4 2041
170073897176 4 4401
170073897283 4 2049
170073897036 4 9462
170073897124 4 7080
170073897371 4 8654
170073897147 4 8927
170073897021 4 7674
170073897435 4 8205
170073897339 4 7927
170073897473 4 2258
170073897526 4 6757
170073897253 4 1380
170073897259 4 2167
170073897505 141 8396
170073897333 4 5776
170073897377 79 2367
170073897639 4 6371
170073897573 4 3294
170073897685 4 7887
170073897804 4 3437
170073897852 4 6798
170073897980 4 3387
170073897893 4 2954
170073898009 29 5671
170073898190 4 7209
170073898006 4 2953
170073897977 349 3496
170073898085 4 5587
170073898142 28 5884
170073897904 361 3680
170073897942 361 2448
170073898069 270 7522
170073898234 49 9380
170073898457 323 7496
170073898277 4 7032
170073898493 48 2533
170073898654 4 2150
170073898477 172 5679
170073898427 349 4120
170073898632 4 1105
170073898574 289 5197
170073898661 77 2657
170073898847 4 1211
170073899050 46 5574
170073898648 18 3947
170073898707 4 6801
170073898894 264 9748
170073899011 57 7818
170073899027 4 6305
170073898846 29 7467
170073899289 287 5293
170073899125 3 7502
170073899148 337 4870
170073899372 4 8544
170073899478 308 4832
170073899327 4 5623
170073899382 57 6703
170073899496 4 9407
170073899498 389 6330
170073899683 4 5700
170073899523 389 6027
170073899482 4 6326
170073899914 4 2587
170073899784 4 6965
170073899629 4 8006
170073899748 340 9597
170073899736 4 4117
170073900091 4 9009
170073899755 4 4314
170073899936 4 10000
170073900124 4 7053
170073900260 349 9702
170073900399 4 2168
170073900107 4 2050
170073899953 99 2717
170073900130 34 4640
170073900161 3 5885
170073900248 38 6242
170073900612 81 2850
170073900328 4 6915
170073900664 3 6190
170073900371 54 3276
170073900646 4 1636
170073900838 349 9874
170073900943 307 6254
170073900678 4 1994
170073900558 93 3161
170073901062 270 7870
170073900726 4 6539
170073900714 270 6244
170073901097 38 3624
170073901000 4 6307
170073901301 66 7677
170073901038 4 5416
170073901275 4 8039
170073901464 38 9264
170073901297 38 2263
170073901434 270 8084
170073901605 355 9345
170073901502 4 1819
170073901695 39 7950
170073901398 214 5846
170073901432 314 1771
170073901513 369 1342
170073901819 4 8462
170073901547 334 1849
170073901805 4 1112
170073901942 48 4555
170073901787 3 9398
170073901740 4 7597
170073902190 4 3881
170073901961 4 8463
170073901812 74 2862
170073902250 324 9031
170073901903 4 5880
170073902049 39 1294
170073902342 4 1103
170073902439 4 1909
170073902247 4 1791
170073902153 4 2107
170073902525 4 2595
170073902371 4 2106
170073902579 4 6290
170073902416 237 3129
170073902680 4 4483
170073902633 4 4857
170073902810 4 7439
170073902910 4 2634
170073902930 4 2713
170073902957 4 7915
170073902906 3 3783
170073902694 4 8820
170073902711 4 6930
170073902927 4 8965
170073903100 336 2336
170073902950 371 1770
170073903073 307 7231
170073902956 4 9166
170073903294 4 9294
170073903383 46 9938
170073903209 4 6501
170073903142 357 3385
170073903201 57 2165
170073903198 17 7407
170073903355 38 2127
170073903651 3 2914
170073903672 4 4552
170073903484 4 5114
170073903751 4 9926
170073903451 349 7249
170073903879 4 4151
170073903638 349 4133
170073903870 323 1603
170073903974 3 2957
170073903879 48 8953
170073903812 314 1116
170073903993 4 7616
170073903620 4 6086
170073903806 214 4696
170073903726 4 5183
170073903801 160 7100
170073904242 214 4998
170073903824 4 2442
170073904254 369 2278
170073904062 237 3369
170073904296 355 6116
170073904350 323 4905
170073904140 157 2731
170073904479 34 9343
170073904448 289 6470
170073904302 289 9137
170073904460 377 9112
170073904343 355 3971
170073904628 4 6235
170073904585 309 3883
170073904778 4 9375
170073904672 4 1075
170073904626 385 1668
170073904834 4 9543
170073904810 4 7572
170073904771 342 8770
170073904864 4 4990
170073905076 4 9733
170073905023 141 2893
170073905056 4 9027
170073905113 4 9352
170073905312 4 9563
170073905133 4 1049
170073905121 4 2911
170073905278 4 3651
170073905137 4 4925
170073905217 336 3266
170073905565 360 6530
170073905571 4 2468
170073905214 4 7502
170073905704 291 5030
170073905634 279 7687
170073905745 324 8217
170073905559 289 6488
170073905622 4 8335
170073905830 4 9713
170073905991 4 9846
170073905863 4 9008
170073906062 361 5974
170073906300 4 5533
170073906243 4 7621
170073906052 4 8432
170073906256 4 3842
170073906293 3 8314
170073906301 4 6331
170073906487 4 3915
170073906046 4 3660
170073906360 46 8154
170073906234 4 2200
170073906312 34 4458
170073906505 4 2957
170073906304 4 4950
170073906463 270 7777
170073906671 38 5433
170073906561 355 2394
170073906563 127 6072
170073906703 281 7410
170073906585 4 2066
170073906843 4 2346
170073906658 355 4859
170073907054 4 6228
170073906617 336 9878
170073906854 336 8569
170073906797 3 2373
170073906893 4 9859
170073906996 4 8918
